3.8718410926477924 0.0000147059038380
3.6953233621413557 0.0000102929382114
3.6044928743975535 0.0000079081842488
3.5128938682886837 0.0000065801975909
3.4305256282797747 0.0000054245263200
3.3288413622175166 0.0000049216555869
3.2749958564532178 0.0000040637553139
3.1479572957101820 0.0000038378828037
3.1166899087959297 0.0000033396470865
3.1104374796656726 0.0000031163210772
3.0606069933639453 0.0000030060257254
3.0731542020730780 0.0000027733456045
3.0717634285517534 0.0000026805679201
3.0611410467603375 0.0000025875489649
3.0665725439213904 0.0000024893399112
3.0633403772301970 0.0000024700907123
3.0698475324707268 0.0000027151319575
3.0595655087047806 0.0000024720813897
3.0553873289853177 0.0000028477207669
3.0482899477099306 0.0000023673705900
3.0542896266235471 0.0000023862592235
3.0540749874587165 0.0000025012906406
3.0576543799651414 0.0000026345634664
3.0573563182115611 0.0000025360265151
3.0538285550369504 0.0000024987295204
3.0612964387462811 0.0000024534453275
3.0549113307526508 0.0000021701370858
3.0497337277819891 0.0000023035159445
3.0358832197758638 0.0000019074339292
3.0526087579258752 0.0000020906726490
3.0375404267896444 0.0000018193957347
3.0296868013420966 0.0000016988150204
3.0340171364975270 0.0000017070755647
3.0270393868514955 0.0000015323958444
3.0335664276765724 0.0000016777245585
3.0295458263713861 0.0000016859761512
3.0362600723382949 0.0000016968640028
3.0299695102215471 0.0000016519869787
3.0307958844793799 0.0000015856243614
3.0327702873766618 0.0000017547162663
3.0368048878658098 0.0000016123312494
3.0327812834421524 0.0000016199176026
3.0291993280375706 0.0000015252728930
3.0243017589539227 0.0000014941086534
3.0388257490049781 0.0000015966548859
3.0288937431672065 0.0000015402788000
3.0332840884145367 0.0000014852116533
3.0305388790845895 0.0000014087857225
3.0160492528984681 0.0000013413147555
3.0228315043770833 0.0000013108364236
3.0319159622546947 0.0000014942838085
3.0245994503305611 0.0000012819874421
3.0245406110342263 0.0000011617983732
3.0221149417268545 0.0000011861898809
3.0266309203103892 0.0000010971382379
3.0213956659444619 0.0000009815865090
3.0266044839647375 0.0000008475062073
3.0171339022137031 0.0000009491125221
3.0137137665587970 0.0000009047766596
3.0204243038235696 0.0000009204940437
3.0149550294803293 0.0000007241831125
3.0184897306036023 0.0000007608046522
3.0174560678287494 0.0000007444663449
3.0117358405691466 0.0000006697194350
3.0137686357569442 0.0000006493989681
3.0197874903595676 0.0000006594837851
3.0211393564928861 0.0000005273643816
3.0088502364778984 0.0000006750242945
3.0141869057980486 0.0000006604497524
3.0084178966040751 0.0000006011783643
3.0103703343473431 0.0000006332729341
3.0114501225948129 0.0000006078075993
3.0112868967213990 0.0000005130309910
3.0133892246029368 0.0000004850027332
3.0127600060080049 0.0000005121383448
3.0132033058749772 0.0000005202670392
3.0174838683532705 0.0000004511805009
3.0074649653881833 0.0000004767011548
3.0147189641940666 0.0000005026414881
3.0031494490708743 0.0000004068197790
3.0127269836701625 0.0000003517622533
3.0117160632855131 0.0000004807107729
3.0104068668466173 0.0000004340980291
3.0095190754722245 0.0000004525035764
3.0083426819236312 0.0000003442988162
3.0096297561121181 0.0000003509484677
3.0084950447655525 0.0000003426881327
3.0000334241795148 0.0000002822486656
3.0074200494698378 0.0000002470051234
3.0045168865889322 0.0000002979026886
3.0088303350153422 0.0000002777889961
3.0092362767849465 0.0000002481732395
3.0036101232401404 0.0000002217541772
3.0130254319442749 0.0000002113227663
3.0074375628933665 0.0000002051131924
3.0039215527299699 0.0000001812862961
3.0039203843331075 0.0000001726295733
3.0035107386928650 0.0000001519175758
3.0052148548142990 0.0000001558437889
3.0032679964994404 0.0000001249104454
3.0029150927912411 0.0000001429330469
3.0050978211203274 0.0000001190355909
3.0025941745527387 0.0000001221198387
3.0040359658796429 0.0000001232553598
3.0037708875467368 0.0000001072262769
3.0019741648816156 0.0000001005884615
3.0027048136174459 0.0000001048064246
3.0056791179955855 0.0000001004795678
3.0053973663716054 0.0000000983704665
3.0034105594872620 0.0000000952215313
3.0040453907229576 0.0000000992197959
3.0027300002454198 0.0000000817973448
3.0035048664440449 0.0000000831022963
3.0052055251459708 0.0000000689818501
3.0021717615084489 0.0000000714786128
3.0022585367578407 0.0000000643697570
2.9999596965540722 0.0000000612636068
3.0036454745975694 0.0000000611764064
3.0042537057862164 0.0000000684805862
3.0026231380135662 0.0000000556670465
3.0019023156210940 0.0000000587920986
3.0018312332595007 0.0000000525268288
3.0046803565066358 0.0000000495684146
3.0039420051045256 0.0000000517348120
3.0023661582808066 0.0000000450910055
3.0016773040560589 0.0000000475849908
2.9989155310696156 0.0000000428850687
3.0011295769327293 0.0000000474088904
3.0011467393513471 0.0000000434068403
3.0036140942752185 0.0000000431096735
3.0016422267899725 0.0000000434176414
3.0011370281054712 0.0000000409363393
3.0027556596025762 0.0000000366148094
3.0011199939040312 0.0000000358161799
3.0031129504788021 0.0000000314366619
3.0006091557288341 0.0000000313214127
3.0021039093404744 0.0000000295876655
3.0004037527984964 0.0000000291098892
3.0024899558606202 0.0000000298367581
3.0005867340853629 0.0000000278588439
3.0003237974577956 0.0000000288483374
3.0015755779735982 0.0000000282119872
2.9996426017446152 0.0000000314252808
3.0015175332214015 0.0000000255734646
3.0029559835366615 0.0000000441114480
3.0017055489141331 0.0000000252613320
3.0004657536104569 0.0000000238440008
3.0007308805814197 0.0000000229698724
3.0005829294800797 0.0000000215497569
3.0009965426322509 0.0000000256788947
3.0006178214036017 0.0000000239245629
3.0022985255473720 0.0000000218002184
3.0006775587653833 0.0000000224134054
3.0009719234649288 0.0000000216724793
3.0009062774589368 0.0000000221097629
3.0015732615498312 0.0000000193518707
2.9996780242140377 0.0000000194629075
3.0018716176896825 0.0000000191384773
3.0010978534898918 0.0000000175640263
3.0007862430756465 0.0000000177714381
3.0010368837079127 0.0000000171020312
3.0015116855075781 0.0000000200078325
2.9999734295894744 0.0000000165663988
2.9998274689286517 0.0000000181649371
3.0002407706284853 0.0000000173203622
3.0012417709345547 0.0000000169858376
3.0026874674355941 0.0000000169332722
3.0015445555953710 0.0000000145238279
3.0012754992208737 0.0000000140892091
3.0018092612361542 0.0000000128526873
3.0011082128468711 0.0000000112858644
3.0010617580509251 0.0000000103830880
3.0000913072497983 0.0000000105323196
3.0002018295376280 0.0000000103056312
3.0016440395541517 0.0000000106149625
3.0003337702616162 0.0000000113166999
2.9999434766407251 0.0000000122985347
