0.000000000000000000e+00 2.045602358309910052e-01 5.000000000000000278e-02
2.020202020202020374e-02 2.545641366636055558e-01 5.000000000000000278e-02
4.040404040404040747e-02 1.026514845488727401e-01 5.000000000000000278e-02
6.060606060606060774e-02 1.306825233881532822e-01 5.000000000000000278e-02
8.080808080808081495e-02 8.517542128989315231e-02 5.000000000000000278e-02
1.010101010101010222e-01 3.204917151670839681e-01 5.000000000000000278e-02
1.212121212121212155e-01 2.863918084290297816e-01 5.000000000000000278e-02
1.414141414141414366e-01 3.102278142279664142e-01 5.000000000000000278e-02
1.616161616161616299e-01 2.397413819681442904e-01 5.000000000000000278e-02
1.818181818181818232e-01 2.488210548232008823e-01 5.000000000000000278e-02
2.020202020202020443e-01 1.408286426465343300e-01 5.000000000000000278e-02
2.222222222222222376e-01 2.958181805796917252e-01 5.000000000000000278e-02
2.424242424242424310e-01 1.438336601763329503e-01 5.000000000000000278e-02
2.626262626262626521e-01 1.667982272749587713e-01 5.000000000000000278e-02
2.828282828282828731e-01 1.810820741595774441e-01 5.000000000000000278e-02
3.030303030303030387e-01 1.604192455543801688e-01 5.000000000000000278e-02
3.232323232323232598e-01 2.429774353354842431e-01 5.000000000000000278e-02
3.434343434343434809e-01 1.884606440902203417e-01 5.000000000000000278e-02
3.636363636363636465e-01 1.967172317007344351e-01 5.000000000000000278e-02
3.838383838383838675e-01 1.895690079960161978e-01 5.000000000000000278e-02
4.040404040404040886e-01 2.673457071206311042e-01 5.000000000000000278e-02
4.242424242424242542e-01 1.696584407149840379e-01 5.000000000000000278e-02
4.444444444444444753e-01 1.913031667211232412e-01 5.000000000000000278e-02
4.646464646464646964e-01 2.212408817932579597e-01 5.000000000000000278e-02
4.848484848484848619e-01 1.177909475100523823e-01 5.000000000000000278e-02
5.050505050505050830e-01 1.760279737514665321e-01 5.000000000000000278e-02
5.252525252525253041e-01 2.272195329078137704e-01 5.000000000000000278e-02
5.454545454545455252e-01 2.592389511691564064e-01 5.000000000000000278e-02
5.656565656565657463e-01 2.099530669978877384e-01 5.000000000000000278e-02
5.858585858585858563e-01 1.699564098316690974e-01 5.000000000000000278e-02
6.060606060606060774e-01 2.787764775054689670e-01 5.000000000000000278e-02
6.262626262626262985e-01 2.007261290574577084e-01 5.000000000000000278e-02
6.464646464646465196e-01 2.216645390229087520e-01 5.000000000000000278e-02
6.666666666666667407e-01 2.419708917089329336e-01 5.000000000000000278e-02
6.868686868686869618e-01 2.484716339819664221e-01 5.000000000000000278e-02
7.070707070707071829e-01 2.507393634238597180e-01 5.000000000000000278e-02
7.272727272727272929e-01 3.363748974886562881e-01 5.000000000000000278e-02
7.474747474747475140e-01 2.983768886801034803e-01 5.000000000000000278e-02
7.676767676767677351e-01 3.840909497538609885e-01 5.000000000000000278e-02
7.878787878787879562e-01 4.479569143719117630e-01 5.000000000000000278e-02
8.080808080808081773e-01 4.844715214588726226e-01 5.000000000000000278e-02
8.282828282828283983e-01 5.976316002844366260e-01 5.000000000000000278e-02
8.484848484848485084e-01 6.577895315197946902e-01 5.000000000000000278e-02
8.686868686868687295e-01 7.028036645779731639e-01 5.000000000000000278e-02
8.888888888888889506e-01 7.288319015696708147e-01 5.000000000000000278e-02
9.090909090909091717e-01 7.913858491380632021e-01 5.000000000000000278e-02
9.292929292929293927e-01 8.691595656055085550e-01 5.000000000000000278e-02
9.494949494949496138e-01 8.534312854349664912e-01 5.000000000000000278e-02
9.696969696969697239e-01 6.716210462049806429e-01 5.000000000000000278e-02
9.898989898989899450e-01 9.238740215395832012e-01 5.000000000000000278e-02
1.010101010101010166e+00 8.302543306907418375e-01 5.000000000000000278e-02
1.030303030303030498e+00 9.112055035160434580e-01 5.000000000000000278e-02
1.050505050505050608e+00 1.098999929845037249e+00 5.000000000000000278e-02
1.070707070707070718e+00 1.125210780272184685e+00 5.000000000000000278e-02
1.090909090909091050e+00 1.366288754958713936e+00 5.000000000000000278e-02
1.111111111111111160e+00 1.401304038423877962e+00 5.000000000000000278e-02
1.131313131313131493e+00 1.373100333683934249e+00 5.000000000000000278e-02
1.151515151515151603e+00 1.338849183651848129e+00 5.000000000000000278e-02
1.171717171717171713e+00 1.401033011369570591e+00 5.000000000000000278e-02
1.191919191919192045e+00 1.367368916279355417e+00 5.000000000000000278e-02
1.212121212121212155e+00 1.198067106322328268e+00 5.000000000000000278e-02
1.232323232323232487e+00 1.150942116467333243e+00 5.000000000000000278e-02
1.252525252525252597e+00 9.371508915599138234e-01 5.000000000000000278e-02
1.272727272727272929e+00 8.054849531118108974e-01 5.000000000000000278e-02
1.292929292929293039e+00 6.170099189041289289e-01 5.000000000000000278e-02
1.313131313131313149e+00 5.361821573773042360e-01 5.000000000000000278e-02
1.333333333333333481e+00 4.122424782787775244e-01 5.000000000000000278e-02
1.353535353535353591e+00 2.569512243282854325e-01 5.000000000000000278e-02
1.373737373737373924e+00 4.218469724851844904e-01 5.000000000000000278e-02
1.393939393939394034e+00 2.538969251261182780e-01 5.000000000000000278e-02
1.414141414141414366e+00 2.424381004001986140e-01 5.000000000000000278e-02
1.434343434343434476e+00 2.875848351059635544e-01 5.000000000000000278e-02
1.454545454545454586e+00 2.170992874173950093e-01 5.000000000000000278e-02
1.474747474747474918e+00 2.169275468020382125e-01 5.000000000000000278e-02
1.494949494949495028e+00 2.245820631018525526e-01 5.000000000000000278e-02
1.515151515151515360e+00 1.439637075155736912e-01 5.000000000000000278e-02
1.535353535353535470e+00 2.769531626421732895e-01 5.000000000000000278e-02
1.555555555555555580e+00 2.183486365700718357e-01 5.000000000000000278e-02
1.575757575757575912e+00 1.695943326071193691e-01 5.000000000000000278e-02
1.595959595959596022e+00 2.465699196295882412e-01 5.000000000000000278e-02
1.616161616161616355e+00 2.178485819902207798e-01 5.000000000000000278e-02
1.636363636363636465e+00 1.524007316103576648e-01 5.000000000000000278e-02
1.656565656565656797e+00 2.075996029196477133e-01 5.000000000000000278e-02
1.676767676767676907e+00 2.000328758876178392e-01 5.000000000000000278e-02
1.696969696969697017e+00 2.167515439073000871e-01 5.000000000000000278e-02
1.717171717171717349e+00 2.187400935358732590e-01 5.000000000000000278e-02
1.737373737373737459e+00 2.356908465595017876e-01 5.000000000000000278e-02
1.757575757575757791e+00 1.399593375962520925e-01 5.000000000000000278e-02
1.777777777777777901e+00 2.000690613790250538e-01 5.000000000000000278e-02
1.797979797979798233e+00 1.539269995685345616e-01 5.000000000000000278e-02
1.818181818181818343e+00 2.248113935469663593e-01 5.000000000000000278e-02
1.838383838383838453e+00 1.334166666195558126e-01 5.000000000000000278e-02
1.858585858585858785e+00 9.047147561014769190e-02 5.000000000000000278e-02
1.878787878787878896e+00 1.781963967637954782e-01 5.000000000000000278e-02
1.898989898989899228e+00 3.272543608718180286e-01 5.000000000000000278e-02
1.919191919191919338e+00 2.575040638675767379e-01 5.000000000000000278e-02
1.939393939393939448e+00 2.042222733393647682e-01 5.000000000000000278e-02
1.959595959595959780e+00 3.243123897549463619e-01 5.000000000000000278e-02
1.979797979797979890e+00 1.902822298693580827e-01 5.000000000000000278e-02
2.000000000000000000e+00 1.906893326229259777e-01 5.000000000000000278e-02
