26.3997295427311869 0.0000432234318622
26.2385159782425141 0.0000438635333612
22.3592885357977629 0.0000322373266503
22.0244677358107417 0.0000263858363470
21.9269310476547794 0.0000261200003468
21.7144452787047122 0.0000248563043285
21.3701604175061171 0.0000197056800652
21.4787494084378210 0.0000203724059472
21.3797187586678419 0.0000218583901955
21.3246138745372207 0.0000131842522837
21.0912701668367397 0.0000099065535238
21.0119821084624938 0.0000133196077506
21.1474890442610111 0.0000128070400784
21.1233036931878431 0.0000121193291832
20.9890540730367405 0.0000145890387069
20.9761555691721604 0.0000151465441097
20.8417860976805684 0.0000087264636813
20.9350957491539447 0.0000103090474697
20.9023936251027962 0.0000096787288490
20.8319494237505687 0.0000081040741908
20.8122652112419182 0.0000068364931517
20.7704023573448886 0.0000059845585617
20.7981112052692936 0.0000062674068241
20.6419476231995098 0.0000053528692441
20.6580103526388541 0.0000053238298005
20.6520896222411814 0.0000057438491940
20.6131109423281487 0.0000047682455278
20.6544623892670423 0.0000065860795751
20.6704139252605827 0.0000049330551523
20.6346131185617203 0.0000047588540559
20.5974811001915405 0.0000046113432124
20.6229486203467758 0.0000044396925222
20.6062468146155169 0.0000043703136466
20.6148200900137475 0.0000040938622567
20.5662287456182789 0.0000042234241009
20.6114316677022487 0.0000035137276381
20.6072329120355313 0.0000038647506648
20.6210166040993137 0.0000042464577960
20.6084269536897189 0.0000037357408530
20.5752638954871649 0.0000037976090521
20.5932650245921778 0.0000036239420656
20.6067081280884459 0.0000037188745484
21.0993654677212561 0.0000106878524495
20.8026193126692078 0.0000074620982730
20.6334950709818052 0.0000064732418627
20.6853612089283594 0.0000068181326073
20.5765440911259461 0.0000053864940205
20.6122643088333071 0.0000062846246316
20.6614753438880179 0.0000224939673674
20.6175965199892985 0.0000057001323781
20.6229701929922413 0.0000059517681708
20.6146232259142899 0.0000053887117481
20.5696458297736555 0.0000060004874845
20.5946202339618587 0.0000057677261977
20.6075008141421243 0.0000056070546714
20.5829189176641663 0.0000064331033843
20.5598253313843919 0.0000051962117495
20.5550821424227195 0.0000062257775280
20.6022472342768950 0.0000058265716231
20.6004933121799034 0.0000055440389030
20.6252361890981639 0.0000056473544815
20.5561922547165032 0.0000066562438911
21.2564436143909568 0.0000093659581145
21.2399863198941539 0.0000093821903262
21.1270071183716794 0.0000146940309869
20.9857107263791427 0.0000112458549337
20.7337913724704102 0.0000081536530550
20.6619750735355225 0.0000062105770727
20.6132756402740291 0.0000057985784831
20.6133314363765479 0.0000048906485747
20.6229830149404414 0.0000064571197197
20.6159488288018196 0.0000050029211053
20.6321315446391296 0.0000038519746625
20.5762124469568128 0.0000038217569248
20.5544932676653751 0.0000034541921715
20.5677585574281601 0.0000042398557612
20.5587696556494848 0.0000045083067127
20.5382737230544130 0.0000031140849710
20.5130839639107059 0.0000034759014745
20.5371006423120619 0.0000035185936564
20.5697692966231394 0.0000035847214896
20.5741629862752511 0.0000036577053812
20.5945859103316025 0.0000029491183283
20.5750879016805754 0.0000032441567047
20.5826087255368400 0.0000032788720747
20.6141816588704856 0.0000031135335851
20.5940682793037944 0.0000035973169533
20.6210323256096153 0.0000030294005909
20.6136564649873648 0.0000036305200322
20.6053919341159641 0.0000034256261921
20.6096732032146015 0.0000036157518351
20.6046431292516345 0.0000047231934518
20.6534729237593417 0.0000032264527930
20.5968573790427918 0.0000025498884612
20.6010537078066740 0.0000027953652814
20.6296209353361988 0.0000033523977539
20.6255158284164644 0.0000036537766466
20.6117414296065924 0.0000031851026908
20.6328648653271216 0.0000026694281725
20.5588793626501634 0.0000027609851782
20.5797653966173471 0.0000027935504847
20.5740348746840063 0.0000028939972522
20.5638785335988814 0.0000030962144476
20.5642608753059477 0.0000029288281310
20.5628008233625046 0.0000023714027674
20.5367956985361850 0.0000025939719434
20.5423169783295982 0.0000027501957673
20.5455062233131081 0.0000029339440703
20.5544437840613696 0.0000025895718660
20.5545184112903421 0.0000025273486095
20.5390997576117371 0.0000023601016132
20.5449121020005521 0.0000023171332877
20.5482014379555586 0.0000029098452243
20.5458893550763406 0.0000023532957772
20.5564278839372676 0.0000025821008989
20.5405394158482970 0.0000034503967969
20.5781084940649066 0.0000026378036663
20.5620961581145920 0.0000024711566304
20.5186335239220270 0.0000021890144216
20.5779323788908854 0.0000027066770518
20.5800468430124504 0.0000024226585928
20.5697990124282306 0.0000028639734343
21.7398048727299162 0.0000131946033440
20.6982292363868083 0.0000065326814483
20.6091911916732649 0.0000055382304768
20.5834564036242895 0.0000045107353305
20.5781003948228509 0.0000058091668757
20.5659495070103162 0.0000048621584759
20.5574168510810402 0.0000048395156425
20.5382735167236490 0.0000042307200679
20.5695976677201315 0.0000047019592801
20.5992758321836824 0.0000057296171668
20.5566263905080540 0.0000043802958160
20.5942989619961843 0.0000050217297184
20.5959440189899077 0.0000044689686265
20.5931287019641331 0.0000042813489572
20.5907194370727851 0.0000046975971827
20.5586946014137339 0.0000049834716987
20.5817563637642671 0.0000049879666945
20.5643446819219413 0.0000044111101476
20.5510734678465177 0.0000056017852816
20.5973485546631139 0.0000046230146720
20.5932253977651989 0.0000051582797571
20.5779893368105640 0.0000055575343303
20.6113993505314390 0.0000044383610056
20.5987600829670221 0.0000048782939242
20.5947873900366751 0.0000050856393350
20.5588639054899929 0.0000050714799634
20.5949536643329836 0.0000051099692616
20.5704784711153508 0.0000042810288945
20.5975137180971650 0.0000058391414790
20.5452492022936930 0.0000046608725858
20.5669439415781490 0.0000049830446496
20.6335521716793480 0.0000046144492603
20.5638810257340126 0.0000039096450386
20.6051042593020171 0.0000050314968488
20.5952826593208194 0.0000048466091870
20.5840129254583317 0.0000049386436539
20.5622424462287334 0.0000047054311204
20.5364652378096295 0.0000054576819159
20.6199917186743171 0.0000046400213180
20.5850044296868262 0.0000045104364483
20.6067500420065883 0.0000047907162541
20.5942250212876736 0.0000045392646495
