 0.593702 
 0.593300 
 0.593666 
 0.593732 
 0.593752 
 0.593668 
 0.593776 
 0.593746 
 0.593686 
 0.593809 
 0.593645 
 0.593810 
 0.593866 
 0.593661 
 0.593585 
 0.593993 
 0.593671 
 0.593751 
 0.594068 
 0.593711 
 0.593665 
 0.593522 
 0.593672 
 0.593748 
 0.593564 
 0.593659 
 0.593657 
 0.593719 
 0.593669 
 0.593767 
 0.593850 
 0.593472 
 0.593807 
 0.593709 
 0.593681 
 0.593614 
 0.593753 
 0.593542 
 0.593474 
 0.593733 
 0.593612 
 0.593845 
 0.593697 
 0.593712 
 0.593615 
 0.593830 
 0.593748 
 0.593785 
 0.593663 
 0.593738 
 0.593628 
 0.593436 
 0.593868 
 0.593613 
 0.593630 
 0.593372 
 0.593391 
 0.593622 
 0.593825 
 0.593923 
 0.593581 
 0.593660 
 0.593809 
 0.593622 
 0.593739 
 0.593420 
 0.593679 
 0.593497 
 0.593965 
 0.593945 
 0.593719 
 0.593759 
 0.593876 
 0.593871 
 0.593674 
 0.593521 
 0.594117 
 0.593540 
 0.594033 
 0.593842 
 0.593616 
 0.593735 
 0.594000 
 0.593583 
 0.593463 
 0.593842 
 0.593548 
 0.593974 
 0.593770 
 0.593810 
 0.593846 
 0.593700 
 0.593415 
 0.593524 
 0.593337 
 0.593735 
 0.593825 
 0.593693 
 0.593782 
 0.593533 
 0.593406 
 0.593895 
 0.593480 
 0.593560 
 0.593697 
 0.593536 
 0.593540 
 0.593618 
 0.593461 
 0.593796 
 0.593473 
 0.593702 
 0.593658 
 0.593629 
 0.593837 
 0.593587 
 0.593672 
 0.593542 
 0.593609 
 0.593738 
 0.594101 
 0.593744 
 0.593543 
 0.593761 
 0.593598 
 0.593691 
 0.593347 
 0.593538 
 0.593513 
 0.593887 
 0.593608 
 0.593797 
 0.593886 
 0.593678 
 0.593665 
 0.593453 
 0.593684 
 0.593864 
 0.593727 
 0.593777 
 0.593552 
 0.593701 
 0.593671 
 0.593687 
 0.593857 
 0.593768 
 0.593753 
 0.593606 
 0.593375 
 0.593647 
 0.593863 
 0.593817 
 0.593729 
 0.593584 
 0.593671 
 0.593425 
 0.593425 
 0.593678 
 0.593801 
 0.593747 
 0.593578 
 0.593702 
 0.593531 
 0.593852 
 0.593794 
 0.593692 
 0.593519 
 0.593485 
 0.593746 
 0.593606 
 0.593846 
 0.593543 
 0.593469 
 0.593992 
 0.593717 
 0.593891 
 0.593631 
 0.593628 
 0.593345 
 0.593413 
 0.593561 
 0.593577 
 0.593633 
 0.593481 
 0.593888 
 0.593355 
 0.593703 
 0.593722 
 0.593682 
 0.593181 
 0.593854 
 0.593427 
 0.593655 
 0.593646 
 0.593607 
 0.593727 
 0.593451 
 0.593680 
 0.593572 
 0.593811 
 0.593852 
 0.593821 
 0.593890 
 0.593805 
 0.593744 
 0.593616 
 0.593652 
 0.593900 
 0.593752 
 0.593693 
 0.594035 
 0.593651 
 0.593826 
 0.593616 
 0.593789 
 0.593869 
 0.593679 
 0.593898 
 0.593621 
 0.593473 
 0.593549 
 0.593602 
 0.593680 
 0.593676 
 0.593773 
 0.593788 
 0.593666 
 0.593677 
 0.593673 
 0.593594 
 0.593609 
 0.593408 
 0.593789 
 0.593781 
 0.593893 
 0.593914 
 0.593607 
 0.593728 
 0.593414 
 0.593704 
 0.593626 
 0.593435 
 0.593740 
 0.593887 
 0.593717 
 0.593780 
 0.593765 
 0.593599 
 0.593806 
 0.593541 
 0.593851 
 0.593779 
 0.593502 
 0.593739 
 0.593897 
 0.593992 
 0.593973 
 0.593664 
 0.593774 
 0.593529 
 0.593587 
 0.593574 
 0.593749 
 0.593667 
 0.593880 
 0.593641 
 0.593512 
 0.593547 
 0.593821 
 0.593574 
 0.593569 
 0.593725 
 0.593592 
 0.593631 
 0.593896 
 0.593740 
 0.593666 
 0.593742 
 0.593514 
 0.593599 
 0.593519 
 0.593627 
 0.593880 
 0.593898 
 0.593575 
 0.593731 
 0.593724 
 0.593878 
 0.593844 
 0.593596 
 0.593709 
 0.593554 
 0.593596 
 0.593677 
 0.593597 
 0.593638 
 0.593743 
 0.593889 
 0.593748 
 0.593925 
 0.593471 
 0.593751 
 0.593951 
 0.593266 
 0.593769 
 0.593887 
 0.593891 
 0.594157 
 0.593518 
 0.593725 
 0.593524 
 0.593638 
 0.593846 
 0.593548 
 0.593457 
 0.593598 
 0.593545 
 0.593855 
 0.593618 
 0.593705 
 0.593700 
 0.593700 
 0.593492 
 0.593671 
 0.593462 
 0.593830 
 0.593620 
 0.593686 
 0.593637 
 0.594500 
 0.593475 
 0.593760 
 0.593529 
 0.593805 
 0.593806 
 0.593840 
 0.593912 
 0.593737 
 0.593817 
 0.593578 
 0.593583 
 0.593589 
 0.593692 
 0.593641 
 0.593911 
 0.593583 
 0.593764 
 0.593886 
 0.593616 
 0.593975 
 0.593937 
 0.593766 
 0.593433 
 0.593920 
 0.593609 
 0.593697 
 0.593768 
 0.593724 
 0.593498 
 0.593521 
 0.593732 
 0.593505 
 0.593688 
 0.593807 
 0.593845 
 0.593547 
 0.593736 
 0.593777 
 0.593675 
 0.593657 
 0.593784 
 0.593425 
 0.593444 
 0.593590 
 0.593583 
 0.593605 
 0.593675 
 0.593659 
 0.593743 
 0.593852 
 0.593551 
 0.593796 
 0.593727 
 0.593680 
 0.593607 
 0.593343 
 0.593484 
 0.593522 
 0.593468 
 0.593926 
 0.593657 
 0.593465 
 0.593782 
 0.593407 
 0.593534 
 0.593892 
 0.593816 
 0.593824 
 0.593376 
 0.593750 
 0.593704 
 0.593670 
 0.593673 
 0.593719 
 0.593564 
 0.593820 
 0.593658 
 0.593680 
 0.593724 
 0.593492 
 0.593851 
 0.593319 
 0.593943 
 0.593812 
 0.593578 
 0.593687 
 0.593767 
 0.593723 
 0.593588 
 0.593580 
 0.593697 
 0.593462 
 0.593691 
 0.593698 
 0.594051 
 0.593865 
 0.593803 
 0.593931 
 0.593460 
 0.593893 
 0.593648 
 0.593590 
 0.593711 
 0.593822 
 0.593941 
 0.593710 
 0.593892 
 0.593562 
 0.593675 
 0.593707 
 0.593390 
 0.593662 
 0.593537 
 0.593807 
 0.593658 
 0.593657 
 0.593571 
 0.593912 
 0.593600 
 0.593461 
 0.593631 
 0.593842 
 0.593447 
 0.593825 
 0.593857 
 0.593527 
 0.593500 
 0.593798 
 0.593746 
 0.593859 
 0.593432 
 0.593754 
 0.593778 
 0.593478 
 0.593512 
 0.593703 
 0.594128 
 0.593813 
 0.593698 
 0.593499 
 0.593572 
 0.593535 
 0.593557 
 0.593294 
 0.593676 
 0.593855 
 0.593328 
 0.593536 
 0.593775 
 0.593950 
 0.593489 
 0.593700 
 0.593641 
 0.593705 
 0.593727 
 0.593683 
 0.593640 
 0.593652 
 0.594070 
 0.593645 
 0.593656 
 0.593652 
 0.593543 
 0.593614 
 0.593861 
 0.593514 
 0.593911 
 0.593798 
 0.593754 
 0.593594 
 0.593656 
 0.593850 
 0.593513 
 0.593744 
 0.593609 
 0.593721 
 0.593456 
 0.593547 
 0.593722 
 0.593653 
 0.593631 
 0.593621 
 0.593455 
 0.593774 
 0.593783 
 0.593476 
 0.593595 
 0.593379 
 0.593891 
 0.593477 
 0.593728 
 0.593748 
 0.593823 
 0.594019 
 0.593681 
 0.593548 
 0.593492 
 0.593544 
 0.593915 
 0.593837 
 0.593510 
 0.593693 
 0.593791 
 0.593719 
 0.593668 
 0.593549 
 0.593936 
 0.593628 
 0.593395 
 0.593686 
 0.593598 
 0.593807 
 0.593476 
 0.593941 
 0.593920 
 0.593771 
 0.593736 
 0.593695 
 0.593941 
 0.593831 
 0.593545 
 0.593752 
 0.593837 
 0.593786 
 0.593824 
 0.593711 
 0.594103 
 0.593809 
 0.593721 
 0.593550 
 0.593638 
 0.593742 
 0.593596 
 0.593772 
 0.593702 
 0.593799 
 0.593465 
 0.593345 
 0.593566 
 0.593530 
 0.593651 
 0.593491 
 0.593764 
 0.593969 
 0.593694 
 0.593554 
 0.593599 
 0.593665 
 0.593528 
 0.593585 
 0.593722 
 0.593736 
 0.594122 
 0.593686 
 0.593740 
 0.593862 
 0.593522 
 0.593621 
 0.593786 
 0.593613 
 0.593771 
 0.593562 
 0.593834 
 0.593459 
 0.593869 
 0.593753 
 0.593776 
 0.593747 
 0.593585 
 0.593572 
 0.593519 
 0.593609 
 0.593818 
 0.593612 
 0.594019 
 0.593498 
 0.593902 
 0.593650 
 0.593798 
 0.593896 
 0.593868 
 0.593594 
 0.593628 
 0.593796 
 0.593687 
 0.593662 
 0.593745 
 0.593616 
 0.593500 
 0.593733 
 0.593781 
 0.593576 
 0.593553 
 0.593846 
 0.593933 
 0.593823 
 0.593898 
 0.593752 
 0.593651 
 0.593715 
 0.593583 
 0.593605 
 0.593840 
 0.593591 
 0.593591 
 0.593423 
 0.593916 
 0.593669 
 0.593447 
 0.593647 
 0.593630 
 0.593627 
 0.593501 
 0.593576 
 0.593793 
 0.593761 
 0.593731 
 0.593846 
 0.593730 
 0.593525 
 0.593875 
 0.593902 
 0.593672 
 0.593550 
 0.594148 
 0.593621 
 0.593723 
 0.593956 
 0.593504 
 0.593477 
 0.593890 
 0.594119 
 0.593738 
 0.593767 
 0.593820 
 0.593794 
 0.593406 
 0.593498 
 0.593722 
 0.593552 
 0.593742 
 0.593749 
 0.593843 
 0.593526 
 0.593516 
 0.593737 
 0.593748 
 0.593848 
 0.593593 
 0.593735 
 0.593982 
 0.593658 
 0.593537 
 0.593791 
 0.593561 
 0.593659 
 0.593571 
 0.593273 
 0.593768 
 0.593653 
 0.593681 
 0.593713 
 0.593486 
 0.593678 
 0.593609 
 0.593740 
 0.593532 
 0.593694 
 0.593650 
 0.593658 
 0.593597 
 0.593571 
 0.593769 
 0.593703 
 0.593570 
 0.593977 
 0.593441 
 0.593779 
 0.593473 
 0.593553 
 0.593920 
 0.593394 
 0.593552 
 0.593543 
 0.593348 
 0.593642 
 0.593823 
 0.593999 
 0.593805 
 0.593907 
 0.593632 
 0.593813 
 0.593741 
 0.593917 
 0.593470 
 0.593730 
 0.593448 
 0.593672 
 0.593893 
 0.593692 
 0.593644 
 0.593937 
 0.593763 
 0.593862 
 0.593730 
 0.593410 
 0.593662 
 0.593554 
 0.593675 
 0.593843 
 0.593271 
 0.593952 
 0.593970 
 0.594044 
 0.593642 
 0.593766 
 0.593854 
 0.593589 
 0.594082 
 0.593576 
 0.593597 
 0.593981 
 0.593680 
 0.593799 
 0.593789 
 0.593841 
 0.593736 
 0.593434 
 0.593712 
 0.593857 
 0.593532 
 0.593743 
 0.593896 
 0.593625 
 0.593579 
 0.593903 
 0.593718 
 0.593754 
 0.593702 
 0.593831 
 0.593863 
 0.593799 
 0.593662 
 0.593929 
 0.593934 
 0.593878 
 0.593517 
 0.593660 
 0.593648 
 0.593474 
 0.593550 
 0.593942 
 0.593581 
 0.593619 
 0.593669 
 0.593806 
 0.593863 
 0.593619 
 0.593761 
 0.593838 
 0.593494 
 0.593386 
 0.593896 
 0.593461 
 0.593866 
 0.594083 
 0.593785 
 0.593555 
 0.593813 
 0.593774 
 0.593672 
 0.594099 
 0.593518 
 0.593506 
 0.593263 
 0.593614 
 0.593546 
 0.593741 
 0.593847 
 0.593415 
 0.593529 
 0.593722 
 0.593719 
 0.593311 
 0.593556 
 0.593321 
 0.593684 
 0.593711 
 0.593373 
 0.593449 
 0.593588 
 0.593982 
 0.594035 
 0.593735 
 0.593653 
 0.593805 
 0.593701 
 0.593805 
 0.593694 
 0.593865 
 0.593518 
 0.593421 
 0.593901 
 0.593780 
 0.593818 
 0.593206 
 0.593817 
 0.593492 
 0.593728 
 0.593770 
 0.593606 
 0.593464 
 0.593825 
 0.593857 
 0.593675 
 0.593917 
 0.593456 
 0.593736 
 0.593498 
 0.593712 
 0.593546 
 0.593711 
 0.593636 
 0.593754 
 0.593484 
 0.593586 
 0.593830 
 0.594041 
 0.593630 
 0.593676 
 0.593741 
 0.593599 
 0.593553 
 0.593706 
 0.593886 
 0.593205 
 0.593437 
 0.593477 
 0.593710 
 0.593734 
 0.593554 
 0.593595 
 0.593441 
 0.593646 
 0.593389 
 0.593933 
 0.594106 
 0.593368 
 0.593917 
 0.593408 
 0.593665 
 0.593600 
 0.593852 
 0.593576 
 0.593662 
 0.593722 
 0.593891 
 0.593471 
 0.593488 
 0.593741 
 0.593740 
 0.593687 
 0.593636 
 0.593446 
 0.593477 
 0.593854 
 0.593574 
 0.593437 
 0.593591 
 0.593731 
 0.593652 
 0.593834 
 0.593910 
 0.593767 
 0.593865 
 0.593983 
 0.593879 
 0.593974 
 0.593701 
 0.593790 
 0.593681 
 0.593507 
 0.593701 
 0.593803 
 0.593683 
 0.593929 
 0.593662 
 0.593912 
 0.594040 
 0.593619 
 0.593563 
 0.593893 
 0.593742 
 0.593720 
 0.593950 
 0.593784 
 0.593681 
 0.593597 
 0.593897 
 0.593871 
 0.593944 
 0.593717 
 0.593605 
 0.593655 
 0.593883 
 0.593612 
 0.593614 
 0.593755 
 0.594010 
 0.593831 
 0.593806 
 0.593773 
 0.593428 
 0.593643 
 0.593621 
 0.593732 
 0.593625 
 0.593387 
 0.593655 
 0.593535 
 0.593467 
 0.593821 
 0.593310 
 0.593571 
 0.593897 
 0.593694 
 0.593665 
 0.593677 
 0.593875 
 0.593650 
 0.593506 
 0.593617 
 0.593687 
 0.593675 
 0.593824 
 0.593605 
 0.593621 
 0.593832 
 0.593630 
 0.593475 
 0.593698 
 0.593867 
 0.593779 
 0.593498 
 0.593965 
 0.593463 
 0.593755 
 0.593655 
 0.593772 
 0.593666 
 0.593836 
 0.593555 
 0.593767 
 0.593860 
 0.593801 
 0.593674 
 0.593660 
 0.593721 
 0.594104 
 0.594002 
 0.593540 
 0.593887 
 0.593552 
 0.593736 
 0.593625 
 0.593555 
 0.593744 
 0.593813 
 0.593893 
 0.593682 
